# X Y Z
6686.0489 846.8436 5.3200
7376.6422 992.0946 5.6800
6758.1917 1220.7161 5.2000
7883.1983 1303.0546 5.5500
8104.9982 1313.9562 5.5900
8132.5904 1466.0603 5.5400
7300.3552 1605.4109 5.6300
6763.7787 1647.1100 5.1900
8238.6677 1744.8792 5.6300
8371.9015 1765.5069 5.6100
6634.2105 1823.5372 5.2600
8659.7005 1834.6120 5.1900
6677.4173 1977.3380 5.5200
6358.6562 1991.5065 5.9300
9398.3314 2074.5314 5.1600
8653.1541 2101.7534 5.2100
8835.0940 2139.3790 5.2700
7318.9255 2219.0127 5.4800
5800.2397 2296.1740 5.5000
8631.4939 2322.4537 5.6800
9719.6097 2332.5923 5.7200
6823.3626 2350.1683 5.5200
6119.4239 2378.8951 5.6100
9598.8362 2381.8376 5.6500
6525.5897 2438.4377 5.5600
8427.2884 2452.5583 5.2300
8935.3854 2492.1154 5.2500
9104.6310 2646.1932 5.9800
6867.5763 2670.4494 5.2700
9596.8672 2682.9158 5.8400
6460.6128 2872.9421 5.3600
8732.4416 2899.5758 5.8200
9350.2649 2919.2376 5.5300
9158.3190 2956.8120 5.0600
9818.0656 3027.4937 5.0600
6540.4266 3096.9221 5.6200
8358.5018 3149.5757 5.0600
6607.3951 3210.4693 5.5800
10852.2649 3213.0672 5.8200
5526.3897 3292.9228 5.5800
9488.8691 3317.4384 5.4300
5585.4579 3333.6836 5.4700
11559.4836 3364.3574 5.2600
10463.3461 3400.5653 5.7300
5782.3106 3417.5500 5.9700
5413.7045 3472.1423 5.2400
11873.0741 3515.2330 5.8600
9218.7173 3517.7204 5.4300
11432.7745 3556.2389 5.8400
11420.1335 3576.0612 5.0400
8555.3172 3617.6693 5.7300
10061.8505 3655.5964 5.5400
7848.8890 3668.8607 5.8800
9169.9331 3733.0447 5.3300
8763.5220 3745.8655 5.5800
4991.6191 3741.7850 5.4200
9066.9255 3770.0202 5.6700
7683.1206 3821.4818 5.7400
9446.0174 3819.8574 5.8400
10357.4296 3824.2340 5.6000
11016.9080 3865.7420 5.9100
12828.4766 3879.0254 5.8000
10492.5143 3891.9654 5.2700
9191.3642 3933.4638 5.2600
8178.0894 3944.8983 5.6100
12317.2151 4000.5550 5.1600
8851.7491 4004.0505 5.5400
9074.8248 4006.3690 5.5100
9400.8518 4033.9188 5.3000
13154.1762 4081.8803 5.3600
5532.9368 4083.4856 5.4600
12293.4492 4088.7722 5.4200
4808.0524 4111.1624 5.5000
12456.5628 4122.5297 5.7000
9559.3415 4134.6487 5.8300
6021.9201 4146.6467 5.2000
8692.6004 4198.1126 5.8500
8470.8864 4201.9174 5.6900
9600.2523 4204.1825 5.8100
13371.1925 4241.4173 5.2700
9108.1867 4252.6658 5.1200
5044.2071 4312.9992 5.5300
5637.4825 4332.8115 5.7500
12709.2493 4333.6528 5.8100
6914.2981 4331.5335 5.5800
7093.5608 4353.4742 5.7300
8588.9097 4519.2787 5.7700
13239.4217 4528.7800 5.0400
12374.6651 4550.1301 5.1900
4967.1558 4564.7027 5.2600
10193.8290 4572.5348 5.9200
8090.0213 4578.4279 5.6500
11156.5704 4636.9006 5.2700
8043.1157 4696.4298 5.0000
8515.3739 4725.9906 5.3500
6720.9755 4781.5178 5.3000
9046.7280 4817.9557 5.0400
13076.8648 4817.9747 5.6700
12230.1793 4863.4184 5.7300
7048.5807 4879.4983 5.2000
11819.9940 4911.5155 5.1800
10694.5024 4924.9202 5.8000
9091.1310 4930.7387 5.2400
8357.0382 4946.9177 5.0600
7273.6829 4952.7758 5.2100
12963.4349 4957.2571 5.7100
12212.7991 4990.7420 5.6900
13219.9167 5011.6568 5.9400
13236.1064 5035.7049 5.9700
9691.2194 5104.5076 5.4200
5864.0830 5111.4250 5.9800
11704.6499 5120.1916 5.7100
11186.1927 5125.0374 5.5600
10849.4365 5125.2062 5.2500
13639.9981 5136.5344 5.5400
7761.6629 5133.5644 5.3000
11648.3403 5136.0631 5.6000
9110.5511 5162.7300 5.0800
5565.1021 5170.9051 5.5800
5431.7127 5193.7847 5.8500
8987.2205 5201.0850 5.5700
12476.6662 5197.8494 5.8400
11924.5439 5211.3213 5.9900
12680.7791 5228.5636 5.7800
10639.7225 5233.2159 5.0800
13588.9486 5233.5687 5.5100
8689.4538 5262.2054 5.0600
11530.8015 5257.7883 5.3900
9915.9061 5263.9286 5.8400
9854.2116 5285.8698 5.9900
10213.4345 5292.8392 5.8600
8134.7744 5314.4879 5.5200
12184.4244 5322.7965 5.3700
12170.1675 5326.8857 5.7600
4746.6701 5338.0992 5.6900
12092.9821 5344.9099 5.8800
13478.6719 5357.1547 5.1700
12296.5120 5362.8851 5.8000
8470.8334 5439.1174 5.8300
4085.0254 5467.2838 5.2600
12988.2864 5469.6124 5.2100
13184.1280 5478.3319 5.2300
7648.2855 5481.8108 5.7700
8250.9029 5577.2253 5.2600
11995.3471 5591.7345 5.7900
6075.9130 5616.4689 5.4700
12368.9057 5628.2049 5.8100
10226.6008 5648.0028 5.1800
10132.7685 5662.0352 5.5300
12140.0309 5659.9859 5.8400
7360.9657 5691.8508 5.9100
6062.1251 5703.3160 5.9800
13481.0655 5703.1200 5.1700
3867.3638 5740.8473 5.6700
6558.4136 5747.9036 5.6500
7196.8736 5761.0656 5.8600
11985.7453 5781.6404 5.5000
9431.1363 5793.7842 5.5300
10621.3050 5800.0873 5.1700
11109.7418 5822.3024 5.9200
7523.1357 5831.2268 5.9200
10012.7912 5845.1728 5.9700
13198.6054 5859.3692 5.2600
13366.5080 5996.1421 5.3300
8371.5704 6018.0215 5.2300
5232.9896 6024.6947 5.3300
9437.1892 6029.4347 5.5900
9414.4327 6040.5715 5.5400
4189.4702 6053.3463 5.4200
12276.0797 6104.2647 5.8300
9926.8986 6108.2959 5.9700
4387.3383 6124.3734 5.6300
8401.8219 6147.4980 5.4400
11882.2669 6153.0943 5.8600
8670.3223 6157.8675 5.5800
3870.9426 6164.0345 5.1900
10883.0306 6207.6240 5.1800
12803.5941 6246.8707 5.5700
5309.5091 6250.7651 5.2200
6037.1087 6273.3388 5.2400
13225.6123 6288.1912 5.7000
11296.8520 6317.1944 5.4900
9984.3844 6315.8327 5.2500
13117.0759 6338.2954 5.5700
11431.4053 6359.3261 5.1000
11291.2031 6361.8902 5.4800
8022.1770 6387.7605 5.6500
12032.2230 6390.3459 5.9600
9263.9742 6394.3415 5.2200
11763.5798 6413.7090 5.4700
6632.8479 6412.0707 5.8600
9378.1626 6421.2192 5.4300
12041.2185 6437.0986 5.2500
8937.2654 6448.5398 5.9300
3800.3212 6470.8036 5.2000
12997.3143 6471.8880 5.9900
6898.8398 6472.1274 5.8800
11571.9333 6485.5209 5.4700
8281.8215 6490.2846 5.7500
9718.3688 6502.2250 5.2400
11899.6376 6513.1578 5.4800
9913.6436 6519.7003 5.5300
10128.0575 6527.2557 5.0300
6395.2423 6523.6110 5.4700
12065.5871 6565.2446 5.2700
7951.0236 6566.6656 5.3000
5492.6983 6582.3181 5.0000
4531.9433 6585.3007 5.9900
12911.2209 6592.3867 5.8300
10242.6411 6589.1326 5.6700
5952.4871 6593.8453 5.0100
11530.2682 6644.5005 5.5100
9369.3193 6668.2467 5.5500
8860.3205 6723.1569 5.7800
7539.8197 6791.4692 5.7000
7216.3423 6797.3648 5.8300
6264.9860 6830.9817 5.7500
12567.8264 6833.6200 5.4100
12479.0517 6909.5906 5.6800
6111.1998 6912.0384 5.1800
9331.4025 6928.3153 5.5700
9706.3178 6929.6031 5.9700
9683.8138 6936.5218 5.9900
8077.9923 6984.5672 5.9900
4778.4747 6988.2445 5.6900
5910.4035 7021.0913 5.2200
9724.9760 7044.8350 5.3100
12814.3885 7053.3483 5.4300
11534.9068 7067.1018 5.4000
9985.8654 7095.6590 5.2200
5917.6384 7138.4730 5.9800
8855.0009 7137.9822 5.8600
7753.0129 7236.7509 5.7000
6171.3015 7252.5962 5.1900
10199.3288 7259.8358 5.4800
5746.2746 7258.6305 5.0400
11771.6267 7276.6824 5.2200
6567.9249 7281.0591 5.8700
12613.1427 7374.1426 5.3000
12287.1720 7413.8404 5.2000
11458.0438 7427.2574 5.4700
11471.5326 7442.5733 5.4200
12572.0940 7447.9446 5.7900
2801.7567 7468.7541 5.0800
12011.6466 7506.2978 5.0100
4710.3441 7513.2027 5.5800
4875.0434 7550.6513 5.0800
7011.3303 7583.2111 5.4800
3940.3840 7616.7463 5.3000
11936.3992 7686.3290 5.5200
8024.3629 7737.4067 5.2400
5268.2298 7754.1852 5.4700
5891.8623 7777.4950 5.8700
8128.0610 7772.7326 5.0300
7252.0808 7796.1518 5.9800
6787.3195 7947.3384 5.1400
6870.3307 7964.9319 5.2700
8998.8326 7969.9309 5.2500
3031.1544 7977.9972 5.0000
7515.6502 8011.4846 5.8200
8538.6909 8066.6674 5.1900
6807.6622 8205.4919 5.1200
2425.5920 8218.1749 5.1100
2845.8979 8222.9025 5.8300
9520.8889 8227.4998 5.0700
2472.8664 8311.7557 5.2600
9230.4741 8326.0372 5.5200
11455.8100 8329.3193 5.2300
11892.3242 8360.2168 5.5000
11396.3037 8389.6832 5.4800
8196.3863 8497.9288 5.1800
2682.9326 8535.0507 5.5300
3038.7912 8552.5776 5.9900
11902.0089 8554.4549 5.0800
2999.1725 8578.8659 5.0100
5180.9549 8582.1698 5.8500
7458.2278 8580.2986 5.7100
6022.6533 8651.3602 5.6700
10268.5134 8654.3124 5.8800
6482.9823 8662.4736 5.2800
11131.7974 8681.0512 5.4800
8524.7444 8700.4419 5.5000
6615.3686 8723.8362 5.3300
2706.2795 8779.3519 5.5600
6028.3403 8832.7689 5.8800
3791.7162 8838.9077 5.9400
2945.2347 8857.3483 5.0900
6896.2473 8860.7253 5.2600
6717.7687 8868.7622 5.1900
6918.2009 8873.1159 5.2100
11405.9552 8872.6868 5.2700
4205.6496 8885.1839 5.7300
10673.6440 8907.1561 5.5400
6757.0696 8949.3951 5.3200
3928.4635 8954.3762 5.3000
7354.1829 8973.0908 5.8500
5544.2121 8993.9127 5.8300
11330.2207 9007.4684 5.4800
7162.4270 9010.9207 5.7400
6436.5792 9025.1643 5.6800
4238.3941 9057.2638 5.9700
4276.8935 9056.9189 5.1600
10434.9657 9164.2691 5.8500
3192.7213 9221.6455 5.7700
10341.4344 9239.9788 5.2300
4362.6671 9333.0719 5.9800
4552.8972 9361.0019 5.6400
4523.0105 9370.2359 5.1700
8283.5829 9381.0282 5.9900
3825.1060 9395.4822 5.9900
5815.8508 9395.4401 5.1900
6670.3230 9421.2335 5.3100
7904.8411 9513.5565 5.9100
4261.3298 9512.5095 5.3000
4316.3554 9529.0922 5.9100
7150.5209 9605.6605 5.4500
10298.1344 9614.3539 5.2300
5800.4029 9626.5402 5.0700
2461.6626 9629.3127 5.9800
7528.5064 9726.1513 5.2000
5984.7892 9789.4332 5.5800
9187.6708 9832.5241 5.7400
4279.9645 9851.5351 5.9900
3603.0351 9861.6098 5.6400
11141.4553 9911.6862 5.2900
7151.8200 9926.4846 5.9800
3162.2848 9923.1946 5.9800
4534.0146 9985.2303 5.1400
2139.0870 10095.7726 5.7600
10573.4983 10152.6913 5.1800
3580.4551 10170.0351 5.5600
3083.2494 10226.3669 5.4100
7165.6482 10247.1386 5.2600
10646.6559 10253.4850 5.2100
1652.8038 10257.4289 5.5200
9522.0822 10279.3126 5.9800
7540.1661 10359.9361 5.2400
7554.2273 10356.8835 5.0400
6641.4109 10383.6348 5.1800
9261.4182 10393.2811 5.6700
9439.7012 10460.0824 5.9700
6479.4809 10470.4900 5.2200
7432.4784 10476.5120 5.3700
7792.7724 10525.1387 5.5700
4272.0959 10546.1603 5.5100
10217.9946 10590.1906 5.9000
9812.1324 10589.9952 5.3100
8511.4303 10601.1569 5.1900
6044.2829 10609.2154 5.9600
4377.4548 10624.8599 5.9900
3345.9374 10643.2131 5.4400
7569.1045 10668.2942 5.2100
5963.6506 10681.6668 5.9700
2539.6701 10687.1721 5.3300
4722.4036 10786.2054 5.4600
7674.3972 10805.9832 5.8100
8301.7096 10914.2926 5.4800
9582.4698 11010.3191 5.2500
9787.9226 11032.6119 5.0000
9043.3408 11076.1795 5.2400
9671.6687 11086.9415 5.0000
2906.7706 11113.7109 5.5100
2036.8250 11168.5963 5.9700
7009.8573 11271.3839 5.9400
8576.5917 11316.3631 5.8100
4950.5325 11317.7688 5.3000
2929.1045 11334.3376 5.6800
8829.7876 11344.5267 5.9900
1979.8200 11352.2828 5.2500
5144.4031 11353.7752 5.0600
7343.3882 11380.8780 5.3300
4027.7315 11379.3341 5.4700
9226.1440 11383.5201 5.2200
4503.5408 11388.4298 5.9300
8405.9356 11414.7111 5.1600
6390.8032 11417.7981 5.0400
6289.8873 11455.0041 5.1900
5145.1724 11463.0040 5.2800
3862.0087 11488.8015 5.2100
7355.2253 11494.3355 5.2300
7713.9377 11502.5342 5.0800
5854.9590 11511.8464 5.7600
6026.9023 11556.7455 5.8100
7132.5665 11576.4098 5.3500
7200.6203 11597.5606 5.4900
3240.4149 11630.8240 5.1600
8712.7869 11768.1418 5.6900
7195.6001 11779.0154 5.3400
9383.6096 11824.8389 5.2500
9267.1850 11827.5654 5.5700
6957.7507 11837.8393 5.5400
9218.1530 11857.9366 5.2500
7144.3943 11895.3257 5.2200
7343.8958 11908.2872 5.4000
6612.8196 11915.3549 5.4300
6387.1579 11956.2728 5.7700
9346.6648 11972.6999 5.2300
3569.2189 12142.3189 5.7900
7965.0260 12208.1972 5.9900
7495.2263 12380.1991 5.1700
9309.2234 12427.8538 5.8900
8416.9345 12449.7390 5.6300
7202.0159 12493.9398 5.9600
4000.9660 12527.1291 5.7100
9239.3614 12537.0005 5.9800
9400.9888 12618.7019 5.6900
8592.2170 12632.7720 5.0900
8573.9114 12639.5234 5.1800
4697.8073 12646.1331 5.0900
4639.6830 12680.4517 5.4000
5754.5246 12696.3210 5.5500
6449.1789 12723.7827 5.3900
6916.7446 12728.3246 5.1600
8497.7477 12770.6941 5.7300
8082.1802 12783.0989 5.5200
5590.3592 13150.5756 5.6900
5767.8555 13219.9459 5.4700
9068.5038 13395.5309 5.6400
7050.0111 13411.2036 5.1600
7821.6840 13481.6927 5.9800
6021.9879 13507.1945 5.0600
6996.2990 13522.4639 5.2000
8619.5460 13544.6201 5.5300
7617.6767 13716.8646 5.1600
8150.4188 13726.6965 5.6300
9052.8115 13819.1689 5.9700
6855.3884 13886.3492 5.5200
7550.8207 13893.2603 5.1800
7357.2048 13958.2849 5.5400
6290.2328 14005.2475 5.3600
6159.6967 14015.3200 5.2300
8351.4186 14167.6634 5.1500
6988.4352 14494.9375 5.2600
8197.5137 14809.0900 5.1200
8316.4315 1376.3170 5.5000
7380.8045 1366.0389 5.2600
6120.2049 1702.9840 5.6800
9802.4457 2397.4032 5.8400
8738.0284 2609.4374 5.3500
8808.9873 2707.5837 5.0800
9389.3659 2868.7720 5.5800
6474.5283 2884.0093 5.9700
11248.4505 3132.2704 5.7600
6801.9016 3130.3435 5.2700
5263.6977 3378.0609 5.9900
7332.5151 3232.1613 5.0400
11497.0006 3369.4174 5.2300
10528.6355 3415.1840 5.8600
8749.2633 3463.2471 5.1100
7755.9251 3524.8553 5.3100
6738.6632 3601.2865 5.8900
12130.5631 3962.4288 5.3400
9188.9962 3743.3483 5.8200
8159.6881 3770.9225 5.8800
4952.9801 3764.4778 5.5800
4946.7061 3772.3538 5.7400
11255.7988 3911.7556 5.3700
11524.6759 3935.6411 5.9900
6119.9772 4000.6385 5.9900
11410.7257 3996.3492 5.9900
11407.3985 4018.0913 5.8800
10750.2185 4012.9161 5.3400
6704.1126 4165.9488 5.7600
8284.0286 4149.4345 5.0200
9108.9159 4468.8402 5.8700
8537.2829 4456.3720 5.2900
8463.9805 4688.3287 5.4800
6155.7078 4762.3392 5.6800
6153.0065 4772.9519 5.6800
8831.6241 4956.4398 5.9700
8846.2090 4962.3131 5.5700
8857.0456 4997.3322 5.7900
4507.5435 5051.5315 5.8800
7021.4352 5060.0993 5.9900
10688.1300 5056.9389 5.7100
8816.6583 5111.8890 5.7500
7744.2692 5139.2140 5.3500
11095.7583 5180.0427 5.5300
13313.1311 5193.1040 5.9900
13391.7185 5260.8684 5.9100
9034.9249 5277.1050 5.5600
11015.6365 5281.7508 5.2000
11016.1336 5299.4137 5.1300
8734.2723 5349.5582 5.9900
11961.2330 5397.8768 5.8100
13405.9632 5426.7883 5.4200
7547.0982 5501.4487 5.8200
11460.3746 5563.4531 5.6800
7244.7428 5610.8560 5.8100
5027.9714 5743.3503 5.2900
10626.7766 5788.6606 5.2200
9201.0318 5896.6447 5.3500
9457.6688 5911.5458 5.4900
4981.6276 5925.8733 5.9600
12776.1267 5917.4766 5.2600
6274.7970 6074.5369 5.3700
11708.1267 5981.3994 5.9200
12134.1016 6023.0787 5.2500
9896.0875 6075.1334 5.9900
7974.6300 6136.8014 5.8700
9570.0044 6173.2622 5.7100
5358.9697 6223.4612 5.2500
5358.3291 6233.2301 5.2400
9674.9051 6231.8256 5.8100
9672.8745 6257.4777 5.5600
11015.4270 6235.9410 5.0000
7155.7567 6286.3186 5.7300
10520.0648 6288.1301 5.6700
10532.4265 6299.3277 5.8400
11792.6153 6298.7823 5.5900
9782.3244 6312.4346 5.9600
9787.4395 6335.7831 5.9400
9789.9753 6355.3264 5.8500
8839.6215 6461.8995 5.8800
12660.7630 6400.7502 5.1400
6683.1198 6417.1521 5.6000
8758.4741 6435.4280 5.8900
12070.8200 6440.9199 5.2200
12079.3617 6443.3307 5.2400
9485.5279 6481.1070 5.5000
9484.9187 6496.5199 5.5100
6316.0518 6599.1275 5.6000
12036.2001 6516.4398 5.0500
11956.7443 6523.9332 5.4100
9570.6796 6584.1421 5.2500
11925.3161 6750.3687 5.8200
8405.8771 6848.1641 5.8900
7708.0728 6978.6570 5.8900
5954.2142 7014.0596 5.1900
4498.1437 7011.0427 5.2900
5926.5957 7044.0296 5.1900
8864.9405 7210.4541 5.5400
4693.2760 7253.2058 5.2000
5780.3442 7260.0496 5.5600
10068.5912 7301.5811 5.8900
11358.3775 7311.5477 5.2500
3688.2648 7395.6233 5.5700
6011.2056 7511.6809 5.1900
9496.7739 7500.1802 5.2600
9490.1510 7515.1960 5.2600
11349.4009 7584.5759 5.4500
11292.7137 7669.8881 5.5000
7439.5880 7915.2402 5.4100
3918.9482 7719.6337 5.9700
7798.7852 7735.8621 5.8500
7798.8046 7745.1148 5.8600
9387.0851 7761.6317 5.5100
6058.8246 7839.7663 5.9900
12355.2062 7853.6531 5.9600
7365.9206 7913.6199 5.3800
7358.2704 7918.5824 5.3900
10642.5101 8005.1290 5.9000
11695.0699 8002.7551 5.8800
11701.5906 8011.9715 5.8600
12110.5943 8055.1400 5.0100
8921.7979 8153.9263 5.2700
11641.0512 8220.9599 5.2500
5459.5301 8238.3487 5.4500
11381.8829 8270.2620 5.9700
3306.6085 8381.2442 5.5500
3883.4151 8408.7185 5.8200
3736.5194 8535.0783 5.8100
3499.7247 8564.1018 5.9700
10946.9657 8604.2076 5.5100
10926.9113 8621.7581 5.5300
11166.0453 8697.1800 5.9000
11151.5178 8700.6511 5.5800
11134.4396 8704.1012 5.9700
11107.3820 8717.1369 5.7500
11380.8503 8763.7868 5.4800
5131.5450 8826.5183 5.7800
9890.6654 8848.5155 5.2800
9899.4129 8856.3217 5.4800
10482.8956 8856.7599 5.9500
5773.3022 8918.2289 5.5100
3814.9332 8936.5594 5.6200
9693.8945 8960.0110 5.0100
3405.0337 8968.1222 5.9900
11163.9416 9090.6788 5.2400
4607.6252 9110.2651 5.0900
7210.7640 9147.9202 5.0100
7608.0297 9157.8780 5.7300
5264.8691 9174.6663 5.9600
10961.4578 9254.4930 5.6800
8519.4132 9374.0658 5.7200
2757.4435 9391.6345 5.3400
3975.7544 9406.5100 5.0000
5309.6231 9420.1750 5.2600
5440.0349 9483.8610 5.2400
3469.2706 9515.6696 5.9500
6211.4979 9570.4906 5.7000
7461.0180 9746.9886 5.2000
7471.6441 9748.9179 5.2500
4857.5527 9730.8345 5.9900
7435.5184 9847.4153 5.2800
8412.3758 10100.9980 5.3400
2242.1105 10192.5110 5.4300
1907.2538 10235.7429 5.3600
9576.5419 10248.5307 5.9700
4131.2920 10278.2919 5.5200
10574.6088 10280.4900 5.5100
9644.2476 10356.1814 5.2700
8199.4373 10437.4486 5.1900
9255.2415 10523.6241 5.9900
6883.7609 10551.2045 5.2900
9558.8215 10573.2722 5.9800
10018.2339 10591.6100 5.4700
10014.5138 10598.9219 5.4300
1910.0457 10608.5493 5.9800
6823.5839 10630.6764 5.2800
6848.4818 10630.2657 5.2500
10186.6299 10758.2290 5.1600
3730.0016 11028.0256 5.2100
5929.3970 11059.8623 5.9700
5613.0041 11141.2968 5.9900
7190.6502 11474.1846 5.9900
8219.8493 11576.3011 5.1600
9794.9384 11640.4101 5.8300
9962.4910 11651.5013 5.1500
6246.4085 11690.7508 5.7500
4515.6693 11727.9850 5.9800
6358.4005 11801.0748 5.9200
7799.5883 11806.6105 5.2900
9352.0455 11843.4381 5.0300
6723.5719 11860.3678 5.5400
9354.4573 11874.5936 5.0900
2930.9309 11943.7822 5.7000
9312.4564 12193.9125 5.5500
7351.8647 12255.7236 5.9900
6050.0389 12340.8423 5.2100
6056.4875 12342.0815 5.3600
5831.1844 12428.1903 5.6800
7485.6342 12569.1296 5.9800
4164.7238 12617.8498 5.9800
8064.5522 12789.1239 5.5000
8235.7478 12807.3719 5.1900
8233.4224 12824.3866 5.1600
7651.8757 13036.5188 5.5600
8155.6660 13198.4850 5.9900
7565.7058 13290.4200 5.9200
7768.2250 13316.1444 5.9900
7191.2204 13556.4812 5.1500
7197.9382 13566.9607 5.1500
5387.5868 13527.0782 5.0000
7834.8688 13604.7839 5.0000
8463.8165 13603.7364 5.5600
6020.8575 13620.6293 5.0000
7058.6765 13635.9110 5.1600
5691.6370 13834.6511 5.2900
8608.6861 13957.1576 5.3200
8509.0597 1821.2039 5.5100
7495.2408 4761.5914 5.7900
7520.8325 7805.6674 5.8100
3247.3227 9171.0335 5.9500
9297.4759 11733.8575 5.8000
8898.7402 12243.9966 5.6600
6649.7219 12652.8115 5.1800
8440.9854 2478.1278 5.4800
8682.1997 5258.3023 5.2300
6127.6975 5732.5084 5.6400
9453.3295 7232.6980 5.9900
9001.7531 7974.5535 5.2600
2513.4379 8321.7602 5.8800
6722.4345 8865.1295 5.2100
3819.7021 9389.1038 5.9900
4061.7730 10713.6873 5.1600
8571.0454 12649.6398 5.1400
7865.6870 1777.2984 5.1600
8204.4983 2123.6434 5.2700
5266.0429 3365.0804 5.6100
12135.7435 3950.1601 5.3200
12161.6374 3968.2472 5.3200
12068.4675 4225.0910 5.3100
7844.8196 4572.9218 5.2600
10681.4751 5067.1232 5.7300
7737.9348 5141.9856 5.2900
11009.4050 5283.4975 5.0800
8360.6137 6256.7586 5.6000
10527.5274 6294.3751 5.7700
13154.9402 6328.0512 5.2700
5804.6818 6603.2395 5.4900
8391.1065 6665.0088 5.2900
9199.3591 6658.9383 5.2600
11932.1611 6742.3126 5.6300
3667.4821 7024.6716 5.9500
11355.7822 7322.2843 5.2600
6002.7943 7514.0081 5.1900
6004.9387 7505.7634 5.1900
9495.8082 7510.4786 5.2800
7011.1347 7709.4380 5.8700
11249.1485 8395.5647 5.4900
3045.8829 8534.3912 5.3700
10932.5144 8610.9632 5.5100
1844.4665 10160.4775 5.5400
4421.8603 9039.6259 5.7800
6216.0831 9576.0868 5.8900
7456.6033 9736.5810 5.6800
4139.0653 10279.3060 5.9600
6880.6569 10557.9488 5.2600
6812.6803 10626.0724 5.2500
6241.0411 11136.9833 5.8400
10117.9007 11836.6527 5.9700
6023.9107 13615.3587 5.2400
